1 15152
2 Serge-David This is a description of the map.

4 0010230100201020030212
4 1230010020020100300102
4 0201000002030200101020
4 0100020201202000100220
4 0201000200000102010221
4 0201201201200022102010
4 0200000002030200101020
4 0111020201202000100220
4 0010230100201020030212
4 1230010020020100300102
4 2201000002030200101020
4 2202020201202000100220
4 0000000200000102010221
4 2211201201200022102010
4 0002002001001010220021
4 2330320020102002001200
4 0000002030201000020200
4 0103110020020010201020
4 0002000010010010100200
4 0000202010201020200010
4 0020002000000201001011
4 0201020102010210201203